market_id,contract_code,in_roll_date,out_roll_date,in_roll_time,out_roll_time,prev_contract,next_contract,settle_of_prev_at_in,settle_at_in,settle_at_out,settle_of_next_at_out,in_settle_diff,out_settle_diff,in_settle_ratio,out_settle_ratio,is_valid_adj,fwd_roll_diff_adj_factor,backw_roll_diff_adj_factor,fwd_roll_ratio_adj_factor,backw_roll_ratio_adj_factor
91,200909,1900-01-01 00:00:00,2009-09-11 00:00:00,1900-01-01 18:00:00,2009-09-11 18:00:00,-1,200912,,,892.6,894.2,,1.6,,1.00179251624,1,0,-125.2,1,0.885351213126
91,200912,2009-09-11 00:00:00,2009-12-11 00:00:00,2009-09-11 18:00:00,2009-12-11 18:00:00,200909,201003,892.6,894.2,978.8,980.5,-1.6,1.7,0.998210691121,1.0017368206,1,-1.6,-126.8,0.998210691121,0.883767046339
91,201003,2009-12-11 00:00:00,2010-03-12 00:00:00,2009-12-11 18:00:00,2010-03-12 18:00:00,200912,201006,978.8,980.5,997.4,998.6,-1.7,1.2,0.998266190719,1.00120312813,1,-3.3,-128.5,0.99647998416,0.882234762832
91,201006,2010-03-12 00:00:00,2010-06-11 00:00:00,2010-03-12 18:00:00,2010-06-11 18:00:00,201003,201009,997.4,998.6,925.3,923.5,-1.2,-1.8,0.998798317645,0.998054684967,1,-4.5,-129.7,0.995282531746,0.881174596884
91,201009,2010-06-11 00:00:00,2010-09-10 00:00:00,2010-06-11 18:00:00,2010-09-10 18:00:00,201006,201012,925.3,923.5,1016.7,1016.7,1.8,0,1.00194910666,1,1,-2.7,-127.9,0.997222443556,0.882892100159
91,201012,2010-09-10 00:00:00,2010-12-10 00:00:00,2010-09-10 18:00:00,2010-12-10 18:00:00,201009,201103,1016.7,1016.7,1117.8,1117.9,0,0.1,1,1.00008946144,1,-2.7,-127.9,0.997222443556,0.882892100159
91,201103,2010-12-10 00:00:00,2011-03-11 00:00:00,2010-12-10 18:00:00,2011-03-11 18:00:00,201012,201106,1117.8,1117.9,1114.7,1108.2,-0.1,-6.5,0.999910546561,0.994168834664,1,-2.8,-128,0.997133238579,0.882813122424
91,201106,2011-03-11 00:00:00,2011-06-10 00:00:00,2011-03-11 18:00:00,2011-06-10 18:00:00,201103,201109,1114.7,1108.2,1123.5,1117.1,6.5,-6.4,1.00586536726,0.994303515799,1,3.7,-121.5,1.00298179123,0.887991145611
91,201109,2011-06-10 00:00:00,2011-09-09 00:00:00,2011-06-10 18:00:00,2011-09-09 18:00:00,201106,201112,1123.5,1117.1,968.3,968.2,6.4,-0.1,1.00572912004,0.999896726221,1,10.1,-115.1,1.00872799432,0.893078553481
91,201112,2011-09-09 00:00:00,2011-12-09 00:00:00,2011-09-09 18:00:00,2011-12-09 18:00:00,201109,201203,968.3,968.2,946,945.8,0.1,-0.2,1.00010328445,0.99978858351,1,10.2,-115,1.00883218023,0.893170794604
91,201203,2011-12-09 00:00:00,2012-03-09 00:00:00,2011-12-09 18:00:00,2012-03-09 18:00:00,201112,201206,946,945.8,1062.5,1054.2,0.2,-8.3,1.0002114612,0.992188235294,1,10.4,-114.8,1.00904550909,0.893359665569
91,201206,2012-03-09 00:00:00,2012-06-08 00:00:00,2012-03-09 18:00:00,2012-06-08 18:00:00,201203,201209,1062.5,1054.2,911.1,906,8.3,-5.1,1.00787326883,0.994402370761,1,18.7,-106.5,1.01698999564,0.900393326378
91,201209,2012-06-08 00:00:00,2012-09-14 00:00:00,2012-06-08 18:00:00,2012-09-14 18:00:00,201206,201212,911.1,906,1019.6,1019.2,5.1,-0.4,1.00562913907,0.99960768929,1,23.8,-101.4,1.02271477376,0.905461765632
91,201212,2012-09-14 00:00:00,2012-12-14 00:00:00,2012-09-14 18:00:00,2012-12-14 18:00:00,201209,201303,1019.6,1019.2,1044.8,1043.3,0.4,-1.5,1.00039246468,0.99856431853,1,24.2,-101,1.02311615319,0.905817127393
91,201303,2012-12-14 00:00:00,2013-03-08 00:00:00,2012-12-14 18:00:00,2013-03-08 18:00:00,201212,201306,1044.8,1043.3,1070.9,1062.1,1.5,-8.8,1.00143774561,0.991782612756,1,25.7,-99.5,1.02458713395,0.907119461996
91,201306,2013-03-08 00:00:00,2013-06-14 00:00:00,2013-03-08 18:00:00,2013-06-14 18:00:00,201303,201309,1070.9,1062.1,943.8,938.1,8.8,-5.7,1.00828547218,0.99396058487,1,34.5,-90.7,1.03307632214,0.91463537506
91,201309,2013-06-14 00:00:00,2013-09-13 00:00:00,2013-06-14 18:00:00,2013-09-13 18:00:00,201306,201312,943.8,938.1,994.1,993.1,5.7,-1,1.00607611129,0.998994064983,1,40.2,-85,1.03935340884,0.920192801387
91,201312,2013-09-13 00:00:00,2013-12-13 00:00:00,2013-09-13 18:00:00,2013-12-13 18:00:00,201309,201403,994.1,993.1,988,986.9,1,-1.1,1.00100694794,0.998886639676,1,41.2,-84,1.04039998362,0.921119387634
91,201403,2013-12-13 00:00:00,2014-03-14 00:00:00,2013-12-13 18:00:00,2014-03-14 18:00:00,201312,201406,988,986.9,934.1,924.8,1.1,-9.3,1.00111460128,0.990043892517,1,42.3,-82.9,1.04155961477,0.922146068479
91,201406,2014-03-14 00:00:00,2014-06-13 00:00:00,2014-03-14 18:00:00,2014-06-13 18:00:00,201403,201409,934.1,924.8,1051.7,1043,9.3,-8.7,1.01005622837,0.991727678996,1,51.6,-73.6,1.05203377612,0.931419379938
91,201409,2014-06-13 00:00:00,2014-09-12 00:00:00,2014-06-13 18:00:00,2014-09-12 18:00:00,201406,201412,1051.7,1043,1057.2,1056.9,8.7,-0.3,1.00834132311,0.999716231555,1,60.3,-64.9,1.06080912977,0.939188649933
91,201412,2014-09-12 00:00:00,2014-12-12 00:00:00,2014-09-12 18:00:00,2014-12-12 18:00:00,201409,201503,1057.2,1056.9,922.8,920.8,0.3,-2,1.00028384899,0.997832683138,1,60.6,-64.6,1.06111023937,0.939455237685
91,201503,2014-12-12 00:00:00,2015-03-13 00:00:00,2014-12-12 18:00:00,2015-03-13 18:00:00,201412,201506,922.8,920.8,933.2,926.4,2,-6.8,1.00217202433,0.992713244749,1,62.6,-62.6,1.06341499662,0.941495757315
91,201506,2015-03-13 00:00:00,2015-06-12 00:00:00,2015-03-13 18:00:00,2015-06-12 18:00:00,201503,201509,933.2,926.4,977.1,967.9,6.8,-9.2,1.0073402418,0.990584382356,1,69.4,-55.8,1.07122071983,0.948406563824
91,201509,2015-06-12 00:00:00,2015-09-11 00:00:00,2015-06-12 18:00:00,2015-09-11 18:00:00,201506,201512,977.1,967.9,806.2,804.7,9.2,-1.5,1.00950511416,0.998139419499,1,78.6,-46.6,1.08140279506,0.957421276488
91,201512,2015-09-11 00:00:00,2015-12-11 00:00:00,2015-09-11 18:00:00,2015-12-11 18:00:00,201509,201603,806.2,804.7,761.7,759.5,1.5,-2.2,1.00186404871,0.997111723776,1,80.1,-45.1,1.08341858255,0.959205956387
91,201603,2015-12-11 00:00:00,2016-03-11 00:00:00,2015-12-11 18:00:00,2016-03-11 18:00:00,201512,201606,761.7,759.5,811.4,807.5,2.2,-3.9,1.00289664253,0.995193492729,1,82.3,-42.9,1.0865568589,0.961984433153
91,201606,2016-03-11 00:00:00,2016-06-10 00:00:00,2016-03-11 18:00:00,2016-06-10 18:00:00,201603,201609,811.4,807.5,815.6,809.6,3.9,-6,1.00482972136,0.992643452673,1,86.2,-39,1.09180462577,0.96663054992
91,201609,2016-06-10 00:00:00,2016-09-09 00:00:00,2016-06-10 18:00:00,2016-09-09 18:00:00,201606,201612,815.6,809.6,891.7,893.2,6,1.5,1.00741106719,1.00168218011,1,92.2,-33,1.09989606321,0.973794313877
91,201612,2016-09-09 00:00:00,2016-12-09 00:00:00,2016-09-09 18:00:00,2016-12-09 18:00:00,201609,201703,891.7,893.2,878.8,878.9,-1.5,0.1,0.998320644872,1.00011379153,1,90.7,-34.5,1.09804894712,0.972158967403
91,201703,2016-12-09 00:00:00,2017-03-10 00:00:00,2016-12-09 18:00:00,2017-03-10 18:00:00,201612,201706,878.8,878.9,930.3,929.2,-0.1,-1.1,0.999886221413,0.998817585725,1,90.6,-34.6,1.09792401266,0.972048356529
91,201706,2017-03-10 00:00:00,2017-06-09 00:00:00,2017-03-10 18:00:00,2017-06-09 18:00:00,201703,201709,930.3,929.2,1014.3,1009.1,1.1,-5.2,1.00118381403,0.994873311643,1,91.7,-33.5,1.09922375051,0.973199081015
91,201709,2017-06-09 00:00:00,2017-09-08 00:00:00,2017-06-09 18:00:00,2017-09-08 18:00:00,201706,201712,1014.3,1009.1,1088.9,1092.5,5.2,3.6,1.00515310673,1.00330608871,1,96.9,-28.3,1.10488816782,0.978214079748
91,201712,2017-09-08 00:00:00,2017-12-08 00:00:00,2017-09-08 18:00:00,2017-12-08 18:00:00,201709,201803,1088.9,1092.5,1114.7,1117.1,-3.6,2.4,0.996704805492,1.00215304566,1,93.3,-31.9,1.1012473464,0.974990674085
91,201803,2017-12-08 00:00:00,2018-03-09 00:00:00,2017-12-08 18:00:00,2018-03-09 18:00:00,201712,201806,1114.7,1117.1,1223.4,1226,-2.4,2.6,0.997851579984,1.00212522478,1,90.9,-34.3,1.09888140456,0.972895984605
91,201806,2018-03-09 00:00:00,2018-06-08 00:00:00,2018-03-09 18:00:00,2018-06-08 18:00:00,201803,201809,1223.4,1226,1137.1,1131.3,-2.6,-5.8,0.997879282219,0.99489930525,1,88.3,-36.9,1.09655098722,0.970832746791
91,201809,2018-06-08 00:00:00,2018-09-14 00:00:00,2018-06-08 18:00:00,2018-09-14 18:00:00,201806,201812,1137.1,1131.3,1023.5,1026.6,5.8,3.1,1.00512684522,1.00302882267,1,94.1,-31.1,1.10217283441,0.975810056021
91,201812,2018-09-14 00:00:00,2018-12-14 00:00:00,2018-09-14 18:00:00,2018-12-14 18:00:00,201809,201903,1023.5,1026.6,970.7,973.2,-3.1,2.5,0.996980323398,1.00257546101,1,91,-34.2,1.09884462889,0.972863425226
91,201903,2018-12-14 00:00:00,2019-03-08 00:00:00,2018-12-14 18:00:00,2019-03-08 18:00:00,201812,201906,970.7,973.2,1027.1,1028.2,-2.5,1.1,0.997431154953,1.00107097654,1,88.5,-36.7,1.09602186731,0.970364289834
91,201906,2019-03-08 00:00:00,2019-06-14 00:00:00,2019-03-08 18:00:00,2019-06-14 18:00:00,201903,201909,1027.1,1028.2,1007.5,1001.9,-1.1,-5.6,0.998930169228,0.994441687345,1,87.4,-37.8,1.09484930939,0.969326164257
91,201909,2019-06-14 00:00:00,2019-09-13 00:00:00,2019-06-14 18:00:00,2019-09-13 18:00:00,201906,201912,1007.5,1001.9,1033.7,1036.2,5.6,2.5,1.00558938018,1.00241849666,1,93,-32.2,1.10096883842,0.974744096705
91,201912,2019-09-13 00:00:00,2019-12-13 00:00:00,2019-09-13 18:00:00,2019-12-13 18:00:00,201909,202003,1033.7,1036.2,1085.2,1087.4,-2.5,2.2,0.997587338352,1.00202727608,1,90.5,-34.7,1.09831257312,0.972392369006
91,202003,2019-12-13 00:00:00,2020-03-13 00:00:00,2019-12-13 18:00:00,2020-03-13 18:00:00,201912,202006,1085.2,1087.4,897.2,892.1,-2.2,-5.1,0.997976825455,0.994315648685,1,88.3,-36.9,1.09609049508,0.970425049518
91,202006,2020-03-13 00:00:00,2020-06-12 00:00:00,2020-03-13 18:00:00,2020-06-12 18:00:00,202003,202009,897.2,892.1,985.8,977.6,5.1,-8.2,1.00571684789,0.991681882735,1,93.4,-31.8,1.10235667771,0.975972821911
91,202009,2020-06-12 00:00:00,2020-09-11 00:00:00,2020-06-12 18:00:00,2020-09-11 18:00:00,202006,202012,985.8,977.6,1085.6,1083.4,8.2,-2.2,1.00838788871,0.997973470892,1,101.6,-23.6,1.11160312284,0.984159173323
91,202012,2020-09-11 00:00:00,2020-12-11 00:00:00,2020-09-11 18:00:00,2020-12-11 18:00:00,202009,202103,1085.6,1083.4,1252.1,1249.7,2.2,-2.4,1.00203064427,0.99808322019,1,103.8,-21.4,1.11386039335,0.986157650507
91,202103,2020-12-11 00:00:00,2021-03-12 00:00:00,2020-12-11 18:00:00,2021-03-12 18:00:00,202012,202106,1252.1,1249.7,1343.6,1337,2.4,-6.6,1.00192046091,0.995087823757,1,106.2,-19,1.1159995187,0.988051527726
91,202106,2021-03-12 00:00:00,2021-06-11 00:00:00,2021-03-12 18:00:00,2021-06-11 18:00:00,202103,202109,1343.6,1337,1378.1,1368.3,6.6,-9.8,1.00493642483,0.992888759887,1,112.8,-12.4,1.12150856643,0.992928969823
91,202109,2021-06-11 00:00:00,2021-09-10 00:00:00,2021-06-11 18:00:00,2021-09-10 18:00:00,202106,202112,1378.1,1368.3,1301.4,1297.6,9.8,-3.8,1.00716217204,0.997080067619,1,122.6,-2.6,1.12954100373,1.00004049793
91,202112,2021-09-10 00:00:00,2021-12-10 00:00:00,2021-09-10 18:00:00,2021-12-10 18:00:00,202109,202203,1301.4,1297.6,1242.1,1239.4,3.8,-2.7,1.00292848335,0.997826261976,1,126.4,1.2,1.13284884576,1.00296909988
91,202203,2021-12-10 00:00:00,2022-03-11 00:00:00,2021-12-10 18:00:00,2022-03-11 18:00:00,202112,202206,1242.1,1239.4,1066.6,1059.8,2.7,-6.8,1.00217847345,0.993624601538,1,129.1,3.9,1.13531672689,1.00515404144
91,202206,2022-03-11 00:00:00,2022-06-10 00:00:00,2022-03-11 18:00:00,2022-06-10 18:00:00,202203,202209,1066.6,1059.8,1037,1027.9,6.8,-9.1,1.00641630496,0.991224686596,1,135.9,10.7,1.14260126524,1.0116034163
91,202209,2022-06-10 00:00:00,2022-09-09 00:00:00,2022-06-10 18:00:00,2022-09-09 18:00:00,202206,202212,1037,1027.9,971.9,975.8,9.1,3.9,1.00885300126,1.00401275851,1,145,19.8,1.15271671569,1.02055914263
91,202212,2022-09-09 00:00:00,2022-12-09 00:00:00,2022-09-09 18:00:00,2022-12-09 18:00:00,202209,202303,971.9,975.8,969.9,978.1,-3.9,8.2,0.996003279361,1.00845447984,1,141.1,15.9,1.148109629,1.01648025284
91,202303,2022-12-09 00:00:00,2023-03-10 00:00:00,2022-12-09 18:00:00,2023-03-10 18:00:00,202212,202306,969.9,978.1,952.8,958,-8.2,5.2,0.991616399141,1.00545759866,1,132.9,7.7,1.13848433613,1.00795848812
91,202306,2023-03-10 00:00:00,2023-06-09 00:00:00,2023-03-10 18:00:00,2023-06-09 18:00:00,202303,202309,952.8,958,1005.1,1007.6,-5.2,2.5,0.994572025052,1.0024873147,1,127.7,2.5,1.13230467167,1.0024873147
91,202309,2023-06-09 00:00:00,2023-09-15 00:00:00,2023-06-09 18:00:00,2023-09-15 18:00:00,202306,202312,1005.1,1007.6,,,-2.5,,0.997518856689,,1,125.2,0,1.12949526151,1
